{
    "camera_angle_x": 0.8097835779190063,
    "frames": [
        {
            "file_path": "results_single-illum_train_200/r_00.exr",
            "transform_matrix": [
                [
                    -0.9072327017784119,
                    0.12652991712093353,
                    -0.40114709734916687,
                    -1.805161952972412
                ],
                [
                    -0.4206290543079376,
                    -0.27290573716163635,
                    0.8652130961418152,
                    3.893458843231201
                ],
                [
                    0.0,
                    0.9536836743354797,
                    0.30081117153167725,
                    1.3536502122879028
                ],
                [
                    0.0,
                    0.0,
                    0.0,
                    1.0
                ]
            ],
            "hdri_path": "umhlanga_sunrise-1f315842ff0d14173919db1e6205de0ca1760733.hdr"
        },
        {
            "file_path": "results_single-illum_train_200/r_01.exr",
            "transform_matrix": [
                [
                    -0.9891493320465088,
                    0.024951165542006493,
                    -0.14477939903736115,
                    -0.6515073180198669
                ],
                [
                    -0.14691370725631714,
                    -0.1679926961660385,
                    0.9747793674468994,
                    4.386507034301758
                ],
                [
                    0.0,
                    0.9854724407196045,
                    0.16983552277088165,
                    0.7642598152160645
                ],
                [
                    0.0,
                    0.0,
                    0.0,
                    1.0
                ]
            ],
            "hdri_path": "umhlanga_sunrise-1f315842ff0d14173919db1e6205de0ca1760733.hdr"
        },
        {
            "file_path": "results_single-illum_train_200/r_02.exr",
            "transform_matrix": [
                [
                    -0.9952268004417419,
                    0.004251518752425909,
                    -0.09749674052000046,
                    -0.43873533606529236
                ],
                [
                    -0.0975894033908844,
                    -0.04335743188858032,
                    0.9942818880081177,
                    4.474268436431885
                ],
                [
                    -4.656612873077393e-10,
                    0.9990506172180176,
                    0.043565381318330765,
                    0.1960442066192627
                ],
                [
                    0.0,
                    0.0,
                    0.0,
                    1.0
                ]
            ],
            "hdri_path": "umhlanga_sunrise-1f315842ff0d14173919db1e6205de0ca1760733.hdr"
        },
        {
            "file_path": "results_single-illum_train_200/r_03.exr",
            "transform_matrix": [
                [
                    0.6927502751350403,
                    -0.211409792304039,
                    0.6894947290420532,
                    3.1027262210845947
                ],
                [
                    0.7211775779724121,
                    0.20307646691799164,
                    -0.6623163223266602,
                    -2.9804234504699707
                ],
                [
                    1.4901161193847656e-08,
                    0.9560678601264954,
                    0.2931452989578247,
                    1.3191537857055664
                ],
                [
                    0.0,
                    0.0,
                    0.0,
                    1.0
                ]
            ],
            "hdri_path": "umhlanga_sunrise-1f315842ff0d14173919db1e6205de0ca1760733.hdr"
        },
        {
            "file_path": "results_single-illum_train_200/r_04.exr",
            "transform_matrix": [
                [
                    0.6370499730110168,
                    0.19224333763122559,
                    0.7464649081230164,
                    3.3590919971466064
                ],
                [
                    0.7708224654197693,
                    -0.15888044238090515,
                    -0.6169195175170898,
                    -2.7761378288269043
                ],
                [
                    7.4505797087454084e-09,
                    0.9684005379676819,
                    -0.24940024316310883,
                    -1.1223011016845703
                ],
                [
                    0.0,
                    0.0,
                    0.0,
                    1.0
                ]
            ],
            "hdri_path": "umhlanga_sunrise-1f315842ff0d14173919db1e6205de0ca1760733.hdr"
        },
        {
            "file_path": "results_single-illum_train_200/r_05.exr",
            "transform_matrix": [
                [
                    -0.6797592639923096,
                    -0.04743562638759613,
                    -0.7318997383117676,
                    -3.293548822402954
                ],
                [
                    -0.733435332775116,
                    0.043964073061943054,
                    0.6783360242843628,
                    3.0525121688842773
                ],
                [
                    -3.725290298461914e-09,
                    0.9979063272476196,
                    -0.0646759495139122,
                    -0.291041761636734
                ],
                [
                    0.0,
                    0.0,
                    0.0,
                    1.0
                ]
            ],
            "hdri_path": "umhlanga_sunrise-1f315842ff0d14173919db1e6205de0ca1760733.hdr"
        },
        {
            "file_path": "results_single-illum_train_200/r_06.exr",
            "transform_matrix": [
                [
                    0.6388673186302185,
                    0.29730692505836487,
                    0.7095471620559692,
                    3.192962169647217
                ],
                [
                    0.7693170309066772,
                    -0.24689388275146484,
                    -0.5892323851585388,
                    -2.651545763015747
                ],
                [
                    -1.4901162970204496e-08,
                    0.9223079085350037,
                    -0.3864556849002838,
                    -1.7390505075454712
                ],
                [
                    0.0,
                    0.0,
                    0.0,
                    1.0
                ]
            ],
            "hdri_path": "umhlanga_sunrise-1f315842ff0d14173919db1e6205de0ca1760733.hdr"
        },
        {
            "file_path": "results_single-illum_train_200/r_07.exr",
            "transform_matrix": [
                [
                    -0.9446430802345276,
                    0.0558607392013073,
                    0.32330942153930664,
                    1.4548923969268799
                ],
                [
                    0.32809966802597046,
                    0.1608305722475052,
                    0.9308512806892395,
                    4.188830852508545
                ],
                [
                    3.7252898543727042e-09,
                    0.9854000806808472,
                    -0.1702553629875183,
                    -0.76614910364151
                ],
                [
                    0.0,
                    0.0,
                    0.0,
                    1.0
                ]
            ],
            "hdri_path": "umhlanga_sunrise-1f315842ff0d14173919db1e6205de0ca1760733.hdr"
        },
        {
            "file_path": "results_single-illum_train_200/r_08.exr",
            "transform_matrix": [
                [
                    0.6200469732284546,
                    0.019880585372447968,
                    -0.7843127846717834,
                    -3.529407501220703
                ],
                [
                    -0.7845647931098938,
                    0.015711763873696327,
                    -0.61984783411026,
                    -2.7893152236938477
                ],
                [
                    -9.31322685637781e-10,
                    0.9996788501739502,
                    0.025339636951684952,
                    0.11402836441993713
                ],
                [
                    0.0,
                    0.0,
                    0.0,
                    1.0
                ]
            ],
            "hdri_path": "umhlanga_sunrise-1f315842ff0d14173919db1e6205de0ca1760733.hdr"
        },
        {
            "file_path": "results_single-illum_train_200/r_09.exr",
            "transform_matrix": [
                [
                    -0.9505655765533447,
                    -0.2495199292898178,
                    -0.1848377138376236,
                    -0.8317697048187256
                ],
                [
                    -0.310524046421051,
                    0.7638218998908997,
                    0.5658189058303833,
                    2.54618501663208
                ],
                [
                    0.0,
                    0.5952445268630981,
                    -0.8035446405410767,
                    -3.6159508228302
                ],
                [
                    0.0,
                    0.0,
                    0.0,
                    1.0
                ]
            ],
            "hdri_path": "umhlanga_sunrise-1f315842ff0d14173919db1e6205de0ca1760733.hdr"
        },
        {
            "file_path": "results_single-illum_train_200/r_10.exr",
            "transform_matrix": [
                [
                    0.9984619617462158,
                    0.009515717625617981,
                    -0.054618485271930695,
                    -0.24578317999839783
                ],
                [
                    -0.05544120445847511,
                    0.1713722050189972,
                    -0.9836452603340149,
                    -4.426403522491455
                ],
                [
                    -9.313224635931761e-10,
                    0.9851604104042053,
                    0.1716361790895462,
                    0.7723627686500549
                ],
                [
                    0.0,
                    0.0,
                    0.0,
                    1.0
                ]
            ],
            "hdri_path": "umhlanga_sunrise-1f315842ff0d14173919db1e6205de0ca1760733.hdr"
        },
        {
            "file_path": "results_single-illum_train_200/r_11.exr",
            "transform_matrix": [
                [
                    -0.5413952469825745,
                    0.11630427837371826,
                    0.832685112953186,
                    3.7470829486846924
                ],
                [
                    0.8407681584358215,
                    0.07489173114299774,
                    0.5361903309822083,
                    2.4128565788269043
                ],
                [
                    0.0,
                    0.9903861284255981,
                    -0.13833095133304596,
                    -0.6224892735481262
                ],
                [
                    0.0,
                    0.0,
                    0.0,
                    1.0
                ]
            ],
            "hdri_path": "umhlanga_sunrise-1f315842ff0d14173919db1e6205de0ca1760733.hdr"
        },
        {
            "file_path": "results_single-illum_train_200/r_12.exr",
            "transform_matrix": [
                [
                    -0.9998766779899597,
                    0.0031189839355647564,
                    -0.015393484383821487,
                    -0.06927067786455154
                ],
                [
                    -0.01570628583431244,
                    -0.19855737686157227,
                    0.9799634218215942,
                    4.409835338592529
                ],
                [
                    2.3283064365386963e-10,
                    0.9800843000411987,
                    0.19858187437057495,
                    0.8936184048652649
                ],
                [
                    0.0,
                    0.0,
                    0.0,
                    1.0
                ]
            ],
            "hdri_path": "umhlanga_sunrise-1f315842ff0d14173919db1e6205de0ca1760733.hdr"
        },
        {
            "file_path": "results_single-illum_train_200/r_13.exr",
            "transform_matrix": [
                [
                    -0.7232373952865601,
                    -0.3855155110359192,
                    0.5729795098304749,
                    2.5784077644348145
                ],
                [
                    0.6905995607376099,
                    -0.40373504161834717,
                    0.6000586152076721,
                    2.700263738632202
                ],
                [
                    0.0,
                    0.8296841979026794,
                    0.5582330822944641,
                    2.5120487213134766
                ],
                [
                    0.0,
                    0.0,
                    0.0,
                    1.0
                ]
            ],
            "hdri_path": "umhlanga_sunrise-1f315842ff0d14173919db1e6205de0ca1760733.hdr"
        },
        {
            "file_path": "results_single-illum_train_200/r_14.exr",
            "transform_matrix": [
                [
                    0.61155104637146,
                    -0.0765150636434555,
                    -0.7874965071678162,
                    -3.543734312057495
                ],
                [
                    -0.7912049889564514,
                    -0.05914127081632614,
                    -0.6086846590042114,
                    -2.7390809059143066
                ],
                [
                    0.0,
                    0.9953129291534424,
                    -0.09670699387788773,
                    -0.43518146872520447
                ],
                [
                    0.0,
                    0.0,
                    0.0,
                    1.0
                ]
            ],
            "hdri_path": "umhlanga_sunrise-1f315842ff0d14173919db1e6205de0ca1760733.hdr"
        },
        {
            "file_path": "results_single-illum_train_200/r_15.exr",
            "transform_matrix": [
                [
                    -0.47918403148651123,
                    -0.6291026473045349,
                    0.6120560169219971,
                    2.7542519569396973
                ],
                [
                    0.8777144551277161,
                    -0.34345561265945435,
                    0.3341490626335144,
                    1.5036708116531372
                ],
                [
                    1.4901161193847656e-08,
                    0.6973292231559753,
                    0.7167509198188782,
                    3.22537899017334
                ],
                [
                    0.0,
                    0.0,
                    0.0,
                    1.0
                ]
            ],
            "hdri_path": "umhlanga_sunrise-1f315842ff0d14173919db1e6205de0ca1760733.hdr"
        },
        {
            "file_path": "results_single-illum_train_200/r_16.exr",
            "transform_matrix": [
                [
                    0.3024960160255432,
                    0.3714860677719116,
                    -0.8777780532836914,
                    -3.9500012397766113
                ],
                [
                    -0.9531506896018982,
                    0.1178964301943779,
                    -0.27857545018196106,
                    -1.2535895109176636
                ],
                [
                    0.0,
                    0.9209226369857788,
                    0.3897453844547272,
                    1.7538541555404663
                ],
                [
                    0.0,
                    0.0,
                    0.0,
                    1.0
                ]
            ],
            "hdri_path": "umhlanga_sunrise-1f315842ff0d14173919db1e6205de0ca1760733.hdr"
        },
        {
            "file_path": "results_single-illum_train_200/r_17.exr",
            "transform_matrix": [
                [
                    0.7616879940032959,
                    0.29627805948257446,
                    0.5762383937835693,
                    2.5930726528167725
                ],
                [
                    0.647943913936615,
                    -0.34828856587409973,
                    -0.6773948669433594,
                    -3.048276901245117
                ],
                [
                    0.0,
                    0.8893337249755859,
                    -0.45725876092910767,
                    -2.057664394378662
                ],
                [
                    0.0,
                    0.0,
                    0.0,
                    1.0
                ]
            ],
            "hdri_path": "umhlanga_sunrise-1f315842ff0d14173919db1e6205de0ca1760733.hdr"
        },
        {
            "file_path": "results_single-illum_train_200/r_18.exr",
            "transform_matrix": [
                [
                    -0.9613025784492493,
                    0.18630731105804443,
                    0.2029455453157425,
                    0.913254976272583
                ],
                [
                    0.27549466490745544,
                    0.6500949859619141,
                    0.7081519365310669,
                    3.1866836547851562
                ],
                [
                    0.0,
                    0.7366586923599243,
                    -0.6762647032737732,
                    -3.0431911945343018
                ],
                [
                    0.0,
                    0.0,
                    0.0,
                    1.0
                ]
            ],
            "hdri_path": "umhlanga_sunrise-1f315842ff0d14173919db1e6205de0ca1760733.hdr"
        },
        {
            "file_path": "results_single-illum_train_200/r_19.exr",
            "transform_matrix": [
                [
                    0.8548828363418579,
                    -0.0571383498609066,
                    0.5156651735305786,
                    2.320493221282959
                ],
                [
                    0.518821120262146,
                    0.09414920210838318,
                    -0.849682629108429,
                    -3.8235719203948975
                ],
                [
                    -3.725290298461914e-09,
                    0.9939171075820923,
                    0.11013111472129822,
                    0.4955900013446808
                ],
                [
                    0.0,
                    0.0,
                    0.0,
                    1.0
                ]
            ],
            "hdri_path": "umhlanga_sunrise-1f315842ff0d14173919db1e6205de0ca1760733.hdr"
        },
        {
            "file_path": "results_single-illum_train_200/r_20.exr",
            "transform_matrix": [
                [
                    -0.29484403133392334,
                    -0.5309430360794067,
                    0.7944599390029907,
                    3.5750696659088135
                ],
                [
                    0.9555454850196838,
                    -0.1638282984495163,
                    0.24513931572437286,
                    1.103126883506775
                ],
                [
                    1.4901161193847656e-08,
                    0.8314204216003418,
                    0.5556439161300659,
                    2.5003976821899414
                ],
                [
                    0.0,
                    0.0,
                    0.0,
                    1.0
                ]
            ],
            "hdri_path": "umhlanga_sunrise-1f315842ff0d14173919db1e6205de0ca1760733.hdr"
        },
        {
            "file_path": "results_single-illum_train_200/r_21.exr",
            "transform_matrix": [
                [
                    -0.31202763319015503,
                    -0.5400447845458984,
                    0.7816587090492249,
                    3.5174641609191895
                ],
                [
                    0.9500730037689209,
                    -0.17736415565013885,
                    0.25671619176864624,
                    1.1552228927612305
                ],
                [
                    0.0,
                    0.8227354288101196,
                    0.5684245228767395,
                    2.557910442352295
                ],
                [
                    0.0,
                    0.0,
                    0.0,
                    1.0
                ]
            ],
            "hdri_path": "umhlanga_sunrise-1f315842ff0d14173919db1e6205de0ca1760733.hdr"
        },
        {
            "file_path": "results_single-illum_train_200/r_22.exr",
            "transform_matrix": [
                [
                    0.07098184525966644,
                    -0.5229035019874573,
                    0.8494313359260559,
                    3.8224408626556396
                ],
                [
                    0.997477650642395,
                    0.03721051290631294,
                    -0.06044666841626167,
                    -0.2720099985599518
                ],
                [
                    -3.725290298461914e-09,
                    0.8515793085098267,
                    0.5242258310317993,
                    2.359016180038452
                ],
                [
                    0.0,
                    0.0,
                    0.0,
                    1.0
                ]
            ],
            "hdri_path": "umhlanga_sunrise-1f315842ff0d14173919db1e6205de0ca1760733.hdr"
        },
        {
            "file_path": "results_single-illum_train_200/r_23.exr",
            "transform_matrix": [
                [
                    -0.8760155439376831,
                    -0.06705531477928162,
                    0.4775985777378082,
                    2.149193525314331
                ],
                [
                    0.48228293657302856,
                    -0.12179884314537048,
                    0.8675069212913513,
                    3.9037811756134033
                ],
                [
                    7.450580596923828e-09,
                    0.990287184715271,
                    0.13903729617595673,
                    0.6256678104400635
                ],
                [
                    0.0,
                    0.0,
                    0.0,
                    1.0
                ]
            ],
            "hdri_path": "umhlanga_sunrise-1f315842ff0d14173919db1e6205de0ca1760733.hdr"
        },
        {
            "file_path": "results_single-illum_train_200/r_24.exr",
            "transform_matrix": [
                [
                    0.6053184270858765,
                    0.48323842883110046,
                    0.6325110197067261,
                    2.846299648284912
                ],
                [
                    0.7959834337234497,
                    -0.36748644709587097,
                    -0.4810032248497009,
                    -2.1645145416259766
                ],
                [
                    -2.9802322387695312e-08,
                    0.794628381729126,
                    -0.6070961356163025,
                    -2.7319326400756836
                ],
                [
                    0.0,
                    0.0,
                    0.0,
                    1.0
                ]
            ],
            "hdri_path": "umhlanga_sunrise-1f315842ff0d14173919db1e6205de0ca1760733.hdr"
        },
        {
            "file_path": "results_single-illum_train_200/r_25.exr",
            "transform_matrix": [
                [
                    -0.2823386788368225,
                    -0.5201367139816284,
                    0.8060661554336548,
                    3.6272976398468018
                ],
                [
                    0.9593148827552795,
                    -0.15308290719985962,
                    0.23723560571670532,
                    1.0675601959228516
                ],
                [
                    0.0,
                    0.8402519822120667,
                    0.5421960949897766,
                    2.439882516860962
                ],
                [
                    0.0,
                    0.0,
                    0.0,
                    1.0
                ]
            ],
            "hdri_path": "umhlanga_sunrise-1f315842ff0d14173919db1e6205de0ca1760733.hdr"
        },
        {
            "file_path": "results_single-illum_train_200/r_26.exr",
            "transform_matrix": [
                [
                    0.9895474910736084,
                    -0.08457028120756149,
                    -0.1168062686920166,
                    -0.5256282091140747
                ],
                [
                    -0.14420762658119202,
                    -0.5803182125091553,
                    -0.8015204071998596,
                    -3.606841802597046
                ],
                [
                    0.0,
                    0.8099868893623352,
                    -0.586448073387146,
                    -2.6390163898468018
                ],
                [
                    0.0,
                    0.0,
                    0.0,
                    1.0
                ]
            ],
            "hdri_path": "umhlanga_sunrise-1f315842ff0d14173919db1e6205de0ca1760733.hdr"
        },
        {
            "file_path": "results_single-illum_train_200/r_27.exr",
            "transform_matrix": [
                [
                    -0.893609344959259,
                    -0.3065589964389801,
                    0.3278474807739258,
                    1.475313663482666
                ],
                [
                    0.44884562492370605,
                    -0.6103301048278809,
                    0.652713418006897,
                    2.9372103214263916
                ],
                [
                    1.4901161193847656e-08,
                    0.7304236888885498,
                    0.6829943060874939,
                    3.073474407196045
                ],
                [
                    0.0,
                    0.0,
                    0.0,
                    1.0
                ]
            ],
            "hdri_path": "umhlanga_sunrise-1f315842ff0d14173919db1e6205de0ca1760733.hdr"
        },
        {
            "file_path": "results_single-illum_train_200/r_28.exr",
            "transform_matrix": [
                [
                    0.8909286856651306,
                    -0.3679035007953644,
                    0.2662575840950012,
                    1.198159098625183
                ],
                [
                    0.454143226146698,
                    0.7217453718185425,
                    -0.5223385691642761,
                    -2.3505234718322754
                ],
                [
                    1.4901161193847656e-08,
                    0.586285412311554,
                    0.8101045489311218,
                    3.645470380783081
                ],
                [
                    0.0,
                    0.0,
                    0.0,
                    1.0
                ]
            ],
            "hdri_path": "umhlanga_sunrise-1f315842ff0d14173919db1e6205de0ca1760733.hdr"
        },
        {
            "file_path": "results_single-illum_train_200/r_29.exr",
            "transform_matrix": [
                [
                    -0.45806747674942017,
                    -0.12075658142566681,
                    -0.8806770443916321,
                    -3.9630467891693115
                ],
                [
                    -0.8889175057411194,
                    0.06222699210047722,
                    0.4538210928440094,
                    2.0421948432922363
                ],
                [
                    0.0,
                    0.990729808807373,
                    -0.1358467936515808,
                    -0.6113105416297913
                ],
                [
                    0.0,
                    0.0,
                    0.0,
                    1.0
                ]
            ],
            "hdri_path": "umhlanga_sunrise-1f315842ff0d14173919db1e6205de0ca1760733.hdr"
        },
        {
            "file_path": "results_single-illum_train_200/r_30.exr",
            "transform_matrix": [
                [
                    0.725351095199585,
                    0.3712852895259857,
                    -0.5796663165092468,
                    -2.6084983348846436
                ],
                [
                    -0.6883791089057922,
                    0.39122655987739563,
                    -0.6107994914054871,
                    -2.7485976219177246
                ],
                [
                    0.0,
                    0.8420742750167847,
                    0.5393616557121277,
                    2.4271273612976074
                ],
                [
                    0.0,
                    0.0,
                    0.0,
                    1.0
                ]
            ],
            "hdri_path": "umhlanga_sunrise-1f315842ff0d14173919db1e6205de0ca1760733.hdr"
        },
        {
            "file_path": "results_single-illum_train_200/r_31.exr",
            "transform_matrix": [
                [
                    0.38978883624076843,
                    -0.68780916929245,
                    -0.612358808517456,
                    -2.7556145191192627
                ],
                [
                    -0.9209043979644775,
                    -0.29112720489501953,
                    -0.25919151306152344,
                    -1.1663618087768555
                ],
                [
                    0.0,
                    0.6649537682533264,
                    -0.7468845248222351,
                    -3.360980272293091
                ],
                [
                    0.0,
                    0.0,
                    0.0,
                    1.0
                ]
            ],
            "hdri_path": "umhlanga_sunrise-1f315842ff0d14173919db1e6205de0ca1760733.hdr"
        },
        {
            "file_path": "results_single-illum_train_200/r_32.exr",
            "transform_matrix": [
                [
                    0.1391097456216812,
                    -0.8589070439338684,
                    -0.4928763210773468,
                    -2.2179434299468994
                ],
                [
                    -0.9902769923210144,
                    -0.12065546959638596,
                    -0.06923709064722061,
                    -0.31156688928604126
                ],
                [
                    0.0,
                    0.4977155923843384,
                    -0.8673402667045593,
                    -3.90303111076355
                ],
                [
                    0.0,
                    0.0,
                    0.0,
                    1.0
                ]
            ],
            "hdri_path": "umhlanga_sunrise-1f315842ff0d14173919db1e6205de0ca1760733.hdr"
        },
        {
            "file_path": "results_single-illum_train_200/r_33.exr",
            "transform_matrix": [
                [
                    -0.2902814447879791,
                    0.5869044065475464,
                    -0.7558306455612183,
                    -3.401237964630127
                ],
                [
                    -0.9569413661956787,
                    -0.17803333699703217,
                    0.2292759120464325,
                    1.0317416191101074
                ],
                [
                    -1.4901161193847656e-08,
                    0.7898401021957397,
                    0.613312840461731,
                    2.7599077224731445
                ],
                [
                    0.0,
                    0.0,
                    0.0,
                    1.0
                ]
            ],
            "hdri_path": "umhlanga_sunrise-1f315842ff0d14173919db1e6205de0ca1760733.hdr"
        },
        {
            "file_path": "results_single-illum_train_200/r_34.exr",
            "transform_matrix": [
                [
                    -0.7125017642974854,
                    0.42445218563079834,
                    -0.5587321519851685,
                    -2.5142946243286133
                ],
                [
                    -0.7016704082489014,
                    -0.43100425601005554,
                    0.567357063293457,
                    2.5531067848205566
                ],
                [
                    1.4901162970204496e-08,
                    0.7962886691093445,
                    0.6049168109893799,
                    2.72212553024292
                ],
                [
                    0.0,
                    0.0,
                    0.0,
                    1.0
                ]
            ],
            "hdri_path": "umhlanga_sunrise-1f315842ff0d14173919db1e6205de0ca1760733.hdr"
        },
        {
            "file_path": "results_single-illum_train_200/r_35.exr",
            "transform_matrix": [
                [
                    0.28861725330352783,
                    0.48542529344558716,
                    0.8252650499343872,
                    3.7136926651000977
                ],
                [
                    0.9574445486068726,
                    -0.14632920920848846,
                    -0.24877233803272247,
                    -1.1194754838943481
                ],
                [
                    -7.450580596923828e-09,
                    0.8619455099105835,
                    -0.5070009231567383,
                    -2.2815041542053223
                ],
                [
                    0.0,
                    0.0,
                    0.0,
                    1.0
                ]
            ],
            "hdri_path": "umhlanga_sunrise-1f315842ff0d14173919db1e6205de0ca1760733.hdr"
        },
        {
            "file_path": "results_single-illum_train_200/r_36.exr",
            "transform_matrix": [
                [
                    -0.6924483776092529,
                    -0.3063944876194,
                    -0.6531751155853271,
                    -2.9392879009246826
                ],
                [
                    -0.7214674949645996,
                    0.2940705716609955,
                    0.6269028782844543,
                    2.8210630416870117
                ],
                [
                    -1.4901161193847656e-08,
                    0.9053425192832947,
                    -0.42468228936195374,
                    -1.9110703468322754
                ],
                [
                    0.0,
                    0.0,
                    0.0,
                    1.0
                ]
            ],
            "hdri_path": "umhlanga_sunrise-1f315842ff0d14173919db1e6205de0ca1760733.hdr"
        },
        {
            "file_path": "results_single-illum_train_200/r_37.exr",
            "transform_matrix": [
                [
                    -0.1899874210357666,
                    0.5462474226951599,
                    -0.8157932162284851,
                    -3.671069383621216
                ],
                [
                    -0.9817866086959839,
                    -0.1057053804397583,
                    0.1578657031059265,
                    0.7103956341743469
                ],
                [
                    0.0,
                    0.8309272527694702,
                    0.5563810467720032,
                    2.5037147998809814
                ],
                [
                    0.0,
                    0.0,
                    0.0,
                    1.0
                ]
            ],
            "hdri_path": "umhlanga_sunrise-1f315842ff0d14173919db1e6205de0ca1760733.hdr"
        },
        {
            "file_path": "results_single-illum_train_200/r_38.exr",
            "transform_matrix": [
                [
                    0.6675496101379395,
                    -0.2829791009426117,
                    0.6886946558952332,
                    3.099125862121582
                ],
                [
                    0.7445653080940247,
                    0.2537085711956024,
                    -0.6174581050872803,
                    -2.7785613536834717
                ],
                [
                    0.0,
                    0.9249621033668518,
                    0.38005945086479187,
                    1.7102675437927246
                ],
                [
                    0.0,
                    0.0,
                    0.0,
                    1.0
                ]
            ],
            "hdri_path": "umhlanga_sunrise-1f315842ff0d14173919db1e6205de0ca1760733.hdr"
        },
        {
            "file_path": "results_single-illum_train_200/r_39.exr",
            "transform_matrix": [
                [
                    0.2569468319416046,
                    0.38404151797294617,
                    -0.8868429660797119,
                    -3.990793228149414
                ],
                [
                    -0.9664255976676941,
                    0.10210640728473663,
                    -0.23578792810440063,
                    -1.0610456466674805
                ],
                [
                    0.0,
                    0.9176526069641113,
                    0.397383451461792,
                    1.788225531578064
                ],
                [
                    0.0,
                    0.0,
                    0.0,
                    1.0
                ]
            ],
            "hdri_path": "umhlanga_sunrise-1f315842ff0d14173919db1e6205de0ca1760733.hdr"
        },
        {
            "file_path": "results_single-illum_train_200/r_40.exr",
            "transform_matrix": [
                [
                    0.6403721570968628,
                    0.24291160702705383,
                    -0.7286408543586731,
                    -3.278883695602417
                ],
                [
                    -0.7680647969245911,
                    0.20252695679664612,
                    -0.6075025200843811,
                    -2.7337613105773926
                ],
                [
                    0.0,
                    0.9486710429191589,
                    0.31626448035240173,
                    1.4231901168823242
                ],
                [
                    0.0,
                    0.0,
                    0.0,
                    1.0
                ]
            ],
            "hdri_path": "umhlanga_sunrise-1f315842ff0d14173919db1e6205de0ca1760733.hdr"
        },
        {
            "file_path": "results_single-illum_train_200/r_41.exr",
            "transform_matrix": [
                [
                    0.9974175095558167,
                    0.05712958425283432,
                    -0.04352785646915436,
                    -0.195875346660614
                ],
                [
                    -0.07182244956493378,
                    0.7933738231658936,
                    -0.6044829487800598,
                    -2.7201731204986572
                ],
                [
                    3.725290298461914e-09,
                    0.606048047542572,
                    0.7954280376434326,
                    3.5794260501861572
                ],
                [
                    0.0,
                    0.0,
                    0.0,
                    1.0
                ]
            ],
            "hdri_path": "umhlanga_sunrise-1f315842ff0d14173919db1e6205de0ca1760733.hdr"
        },
        {
